Mėn. nr.	Pilna suma (€)		Suma(€)		Palūkanos (€)		Liko grąžinti (€)
1	(1 metai)	116.61		61.05		55.56		11050.94
2	116.03		61.05		54.98		10989.89
3	115.45		61.05		54.4		10928.84
4	114.87		61.05		53.82		10867.79
5	114.3		61.05		53.25		10806.74
6	113.73		61.05		52.68		10745.69
7	113.16		61.05		52.11		10684.64
8	112.59		61.05		51.54		10623.59
9	112.03		61.05		50.98		10562.54
10	111.47		61.05		50.42		10501.49
11	110.91		61.05		49.86		10440.44
12	110.36		61.05		49.31		10379.39
13	(2 metai)	109.81		61.05		48.76		10318.34
14	109.26		61.05		48.21		10257.29
15	108.71		61.05		47.66		10196.24
16	108.17		61.05		47.12		10135.19
17	107.63		61.05		46.58		10074.14
18	107.09		61.05		46.04		10013.09
19	106.55		61.05		45.5		9952.04
20	106.02		61.05		44.97		9890.99
21	105.49		61.05		44.44		9829.94
22	104.96		61.05		43.91		9768.89
23	104.44		61.05		43.39		9707.84
24	103.92		61.05		42.87		9646.79
25	(3 metai)	103.4		61.05		42.35		9585.74
26	102.88		61.05		41.83		9524.69
27	102.37		61.05		41.32		9463.64
28	101.85		61.05		40.8		9402.59
29	101.34		61.05		40.29		9341.54
30	100.84		61.05		39.79		9280.49
31	100.33		61.05		39.28		9219.44
32	99.83		61.05		38.78		9158.39
33	99.33		61.05		38.28		9097.34
34	98.84		61.05		37.79		9036.29
35	98.34		61.05		37.29		8975.24
36	97.85		61.05		36.8		8914.19
37	(4 metai)	97.36		61.05		36.31		8853.14
38	96.87		61.05		35.82		8792.09
39	96.39		61.05		35.34		8731.04
40	95.91		61.05		34.86		8669.99
41	95.43		61.05		34.38		8608.94
42	94.95		61.05		33.9		8547.89
43	94.48		61.05		33.43		8486.84
44	94.0		61.05		32.95		8425.79
45	93.53		61.05		32.48		8364.74
46	93.07		61.05		32.02		8303.69
47	92.6		61.05		31.55		8242.64
48	92.14		61.05		31.09		8181.59
49	(5 metai)	91.68		61.05		30.63		8120.54
50	91.22		61.05		30.17		8059.49
51	90.76		61.05		29.71		7998.44
52	90.31		61.05		29.26		7937.39
53	89.86		61.05		28.81		7876.34
54	89.41		61.05		28.36		7815.29
55	88.96		61.05		27.91		7754.24
56	88.52		61.05		27.47		7693.19
57	88.07		61.05		27.02		7632.14
58	87.63		61.05		26.58		7571.09
59	87.2		61.05		26.15		7510.04
60	86.76		61.05		25.71		7448.99
61	(6 metai)	86.33		61.05		25.28		7387.94
62	85.89		61.05		24.84		7326.89
63	85.46		61.05		24.41		7265.84
64	85.04		61.05		23.99		7204.79
65	84.61		61.05		23.56		7143.74
66	84.19		61.05		23.14		7082.69
67	83.77		61.05		22.72		7021.64
68	83.35		61.05		22.3		6960.59
69	82.93		61.05		21.88		6899.54
70	82.52		61.05		21.47		6838.49
71	82.11		61.05		21.06		6777.44
72	81.69		61.05		20.64		6716.39
73	(7 metai)	81.29		61.05		20.24		6655.34
74	80.88		61.05		19.83		6594.29
75	80.48		61.05		19.43		6533.24
76	80.07		61.05		19.02		6472.19
77	79.67		61.05		18.62		6411.14
78	79.27		61.05		18.22		6350.09
79	78.88		61.05		17.83		6289.04
80	78.48		61.05		17.43		6227.99
81	78.09		61.05		17.04		6166.94
82	77.7		61.05		16.65		6105.89
83	77.31		61.05		16.26		6044.84
84	76.93		61.05		15.88		5983.79
85	(8 metai)	76.54		61.05		15.49		5922.74
86	76.16		61.05		15.11		5861.69
87	75.78		61.05		14.73		5800.64
88	75.4		61.05		14.35		5739.59
89	75.02		61.05		13.97		5678.54
90	74.65		61.05		13.6		5617.49
91	74.27		61.05		13.22		5556.44
92	73.9		61.05		12.85		5495.39
93	73.53		61.05		12.48		5434.34
94	73.16		61.05		12.11		5373.29
95	72.8		61.05		11.75		5312.24
96	72.43		61.05		11.38		5251.19
97	(9 metai)	72.07		61.05		11.02		5190.14
98	71.71		61.05		10.66		5129.09
99	71.35		61.05		10.3		5068.04
100	71.0		61.05		9.95		5006.99
101	70.64		61.05		9.59		4945.94
102	70.29		61.05		9.24		4884.89
103	69.94		61.05		8.89		4823.84
104	69.59		61.05		8.54		4762.79
105	69.24		61.05		8.19		4701.74
106	68.89		61.05		7.84		4640.69
107	68.55		61.05		7.5		4579.64
108	68.21		61.05		7.16		4518.59
109	(10 metai)	67.87		61.05		6.82		4457.54
110	67.53		61.05		6.48		4396.49
111	67.19		61.05		6.14		4335.44
112	66.85		61.05		5.8		4274.39
113	66.52		61.05		5.47		4213.34
114	66.19		61.05		5.14		4152.29
115	65.85		61.05		4.8		4091.24
116	65.53		61.05		4.48		4030.19
117	65.2		61.05		4.15		3969.14
118	64.87		61.05		3.82		3908.09
119	64.55		61.05		3.5		3847.04
120	64.22		61.05		3.17		3785.99
121	(11 metai)	63.9		61.05		2.85		3724.94
122	63.58		61.05		2.53		3663.89
123	63.27		61.05		2.22		3602.84
124	62.95		61.05		1.9		3541.79
125	62.63		61.05		1.58		3480.74
126	62.32		61.05		1.27		3419.69
127	62.01		61.05		0.96		3358.64
128	61.7		61.05		0.65		3297.59
129	61.39		61.05		0.34		3236.54
130	61.08		61.05		0.03		3175.49
131	60.78		61.05		-0.27		3114.44
132	60.48		61.05		-0.57		3053.39
133	(12 metai)	60.17		61.05		-0.88		2992.34
134	59.87		61.05		-1.18		2931.29
135	59.57		61.05		-1.48		2870.24
136	59.27		61.05		-1.78		2809.19
137	58.98		61.05		-2.07		2748.14
138	58.68		61.05		-2.37		2687.09
139	58.39		61.05		-2.66		2626.04
140	58.1		61.05		-2.95		2564.99
141	57.81		61.05		-3.24		2503.94
142	57.52		61.05		-3.53		2442.89
143	57.23		61.05		-3.82		2381.84
144	56.94		61.05		-4.11		2320.79
145	(13 metai)	56.66		61.05		-4.39		2259.74
146	56.38		61.05		-4.67		2198.69
147	56.1		61.05		-4.95		2137.64
148	55.81		61.05		-5.24		2076.59
149	55.54		61.05		-5.51		2015.54
150	55.26		61.05		-5.79		1954.49
151	54.98		61.05		-6.07		1893.44
152	54.71		61.05		-6.34		1832.39
153	54.43		61.05		-6.62		1771.34
154	54.16		61.05		-6.89		1710.29
155	53.89		61.05		-7.16		1649.24
156	53.62		61.05		-7.43		1588.19
157	(14 metai)	53.35		61.05		-7.7		1527.14
158	53.09		61.05		-7.96		1466.09
159	52.82		61.05		-8.23		1405.04
160	52.56		61.05		-8.49		1343.99
161	52.29		61.05		-8.76		1282.94
162	52.03		61.05		-9.02		1221.89
163	51.77		61.05		-9.28		1160.84
164	51.51		61.05		-9.54		1099.79
165	51.26		61.05		-9.79		1038.74
166	51.0		61.05		-10.05		977.69
167	50.74		61.05		-10.31		916.64
168	50.49		61.05		-10.56		855.59
169	(15 metai)	50.24		61.05		-10.81		794.54
170	49.99		61.05		-11.06		733.49
171	49.74		61.05		-11.31		672.44
172	49.49		61.05		-11.56		611.39
173	49.24		61.05		-11.81		550.34
174	48.99		61.05		-12.06		489.29
175	48.75		61.05		-12.3		428.24
176	48.51		61.05		-12.54		367.19
177	48.26		61.05		-12.79		306.14
178	48.02		61.05		-13.03		245.09
179	47.78		61.05		-13.27		184.04
180	47.54		61.05		-13.51		122.99
181	(16 metai)	47.31		61.05		-13.74		61.94
182	47.07		61.05		-13.98		0.89